0 0.32954545454545453 0.4709090909090909 0.1572727272727273 0.503030303030303
0 0.4959090909090909 0.18787878787878787 0.16272727272727272 0.27636363636363637
0 0.6327272727272727 0.556969696969697 0.26545454545454544 0.45212121212121215
0 0.21454545454545454 0.13454545454545455 0.1709090909090909 0.23272727272727273
0 0.049545454545454545 0.22181818181818183 0.05 0.16
0 0.895 0.6078787878787879 0.20272727272727273 0.7406060606060606
0 0.6527272727272727 0.8793939393939394 0.5454545454545454 0.2412121212121212
0 0.9463636363636364 0.44606060606060605 0.09818181818181818 0.3781818181818182
0 0.9345454545454546 0.09696969696969697 0.11090909090909092 0.17939393939393938
0 0.7063636363636364 0.055757575757575756 0.18727272727272729 0.0993939393939394
0 0.08727272727272728 0.4315151515151515 0.14 0.09454545454545454
0 0.13772727272727273 0.6321212121212121 0.23727272727272727 0.5903030303030303
0 0.8522727272727273 0.38666666666666666 0.25181818181818183 0.3418181818181818
